# OOP c2c wisdom v2 (generated by calibrate_oop). Format:
#   N K kind [params] ns   (0=LEAF | 1=BAILEY2 R1 R2 t1p | 2=MODEB nf f.. v..)
1024 128 2 5 4 4 4 4 4 0 2 2 2 2 191314.8
8 32 0 44.2
16 32 1 4 4 0 112.3
32 32 1 8 4 0 309.0
64 32 1 8 8 0 1158.8
128 32 1 4 32 0 2629.7
256 32 2 3 4 8 8 0 2 2 6314.2
512 32 1 4 128 1 20905.5
1024 32 2 4 4 4 8 8 0 2 2 2 30535.2
2048 32 2 4 8 4 8 8 0 2 2 2 74009.8
4096 32 2 5 4 4 4 8 8 0 2 2 2 2 201613.1
8192 32 2 5 4 4 4 4 32 0 2 2 2 2 532970.0
16384 32 2 5 4 4 4 4 64 0 2 2 2 2 1192100.0
32768 32 2 7 4 4 4 4 2 16 4 0 2 2 2 2 2 2 3410265.0
65536 32 2 7 4 4 4 4 4 4 16 0 2 2 2 2 2 2 9984100.0
131072 32 2 6 16 4 4 4 4 32 0 2 0 2 2 2 24733295.0
8 256 2 1 8 0 591.8
16 256 1 4 4 0 2022.8
32 256 2 2 4 8 0 2 4898.4
64 256 1 8 8 1 12059.2
128 256 2 3 4 4 8 0 2 2 24579.1
256 256 1 8 32 1 91070.5
512 256 2 4 4 4 4 8 0 2 2 2 161580.3
1024 256 2 5 4 4 4 4 4 0 2 2 2 2 501530.0
2048 256 2 5 4 4 4 4 8 0 2 2 2 2 1058885.0
4096 256 2 4 4 4 4 64 0 2 2 2 2805595.0
8192 256 2 5 4 4 4 4 32 0 2 2 2 2 7049745.0
16384 256 2 5 4 4 4 4 64 0 2 2 2 2 17954420.0
32768 256 2 4 4 16 16 32 0 2 2 2 38824160.0
65536 256 2 5 4 4 8 16 32 0 2 2 0 2 90995145.0
128 1024 2 4 2 4 4 4 0 2 2 2 166968.9
