@version 6
# VectorFFT stride wisdom: 25 entries
# N K nf factors... best_ns use_blocked split_stage block_groups use_dif_forward variant_codes... exec_me (v=0:FLAT 1:LOG3 2:T1S 3:BUF)
256 7 2 16 16 906.14 0 0 0 0 0 2 8
256 11 2 16 16 1439.44 0 0 0 0 0 2 12
256 15 2 16 16 2841.68 0 0 0 0 0 2 15
256 19 2 16 16 2625.67 0 0 0 0 0 2 20
256 23 2 16 16 3138.10 0 0 0 0 0 2 24
256 27 2 16 16 3797.31 0 0 0 0 0 2 28
256 31 2 8 32 7279.82 0 0 0 0 0 2 32
512 7 2 32 16 2711.57 0 0 0 0 0 2 8
512 11 2 32 16 4591.17 0 0 0 1 0 0 12
512 15 3 4 8 16 6114.96 0 0 0 1 1 1 0 16
512 19 3 16 4 8 7297.95 0 0 0 0 0 2 2 20
512 23 3 8 8 8 12822.12 0 0 0 0 0 2 2 24
512 27 3 8 8 8 8301.08 0 0 0 0 0 2 2 28
512 31 3 8 8 8 11654.51 0 0 0 0 0 2 2 31
1024 7 3 8 8 16 9618.34 0 0 0 1 1 1 0 8
1024 11 3 8 16 8 13129.65 0 0 0 0 0 2 2 11
1024 15 3 8 16 8 17352.87 0 0 0 0 0 2 2 16
1024 19 3 4 16 16 16705.13 0 0 0 0 0 2 2 20
1024 23 3 4 16 16 19712.62 0 0 0 0 0 2 2 24
1024 27 3 16 8 8 22162.37 0 0 0 0 0 2 2 28
1024 31 3 8 16 8 47912.70 0 0 0 0 0 2 2 32
2048 7 3 4 32 16 17817.01 0 0 0 1 1 0 0 8
2048 11 3 4 32 16 23953.85 0 0 0 1 1 0 0 12
2048 15 4 4 4 8 16 41068.44 0 0 0 1 1 1 1 0 16
2048 19 4 4 8 8 8 33638.46 0 0 0 0 0 2 2 2 20
