@version 5
# VectorFFT stride wisdom: 200 entries
# N K nf factors... best_ns use_blocked split_stage block_groups use_dif_forward variant_codes... (v=0:FLAT 1:LOG3 2:T1S 3:BUF)
1024 128 5 4 4 4 4 4 0.00 0 0 0 0 0 2 2 2 2
8 4 1 8 6.98 0 0 0 0 0
16 4 1 16 15.26 0 0 0 0 0
32 4 1 32 45.01 0 0 0 0 0
64 4 1 64 122.13 0 0 0 0 0
126 4 3 3 6 7 430.45 0 0 0 1 1 1 0
128 4 2 8 16 226.01 0 0 0 0 0 2
250 4 2 10 25 1042.84 0 0 0 1 1 0
256 4 2 16 16 480.82 0 0 0 0 0 2
400 4 2 25 16 1418.59 0 0 0 0 0 2
512 4 3 8 8 8 1503.69 0 0 0 1 1 1 0
2048 4 3 4 64 8 8881.97 0 0 0 1 0 0 0
4096 4 4 4 4 8 32 20957.38 0 0 0 1 0 0 1 0
8192 4 4 4 4 64 8 46220.00 0 0 0 1 0 0 0 0
32768 4 6 4 4 4 4 4 32 331940.00 0 0 0 1 0 0 0 0 0 0
65536 4 7 4 4 4 4 4 4 16 688945.00 0 0 0 0 0 2 2 2 2 2 2
95 4 2 5 19 378.01 0 0 0 1 1 0
119 4 2 7 17 375.57 0 0 0 1 1 0
169 4 2 13 13 590.86 0 0 0 0 0 2
175 4 2 25 7 533.94 0 0 0 0 0 1
243 4 5 3 3 3 3 3 1528.72 0 0 0 1 0 1 0 0 0
361 4 2 19 19 2226.73 0 0 0 1 1 0
525 4 4 7 5 3 5 2616.63 0 0 0 1 0 0 0 0
625 4 2 25 25 2680.20 0 0 0 1 1 0
1225 4 3 25 7 7 6059.80 0 0 0 0 0 2 1
1331 4 3 11 11 11 7324.60 0 0 0 0 0 2 1
2197 4 3 13 13 13 12250.44 0 0 0 0 0 2 2
2205 4 5 7 3 7 5 3 14787.61 0 0 0 1 1 0 1 1 0
2401 4 4 7 7 7 7 13839.42 0 0 0 1 1 1 1 0
3125 4 3 5 25 25 18087.34 0 0 0 1 1 1 0
6615 4 6 5 7 7 3 3 3 66321.62 0 0 0 1 1 1 1 0 0 0
11025 4 5 25 3 3 7 7 88345.45 0 0 0 1 0 0 1 1 0
14641 4 4 11 11 11 11 117475.00 0 0 0 0 0 2 2 1
15625 4 4 25 5 5 25 110725.00 0 0 0 1 1 0 0 0
16807 4 5 7 7 7 7 7 118085.00 0 0 0 0 0 2 2 2 1
28561 4 4 13 13 13 13 275680.00 0 0 0 0 0 2 2 1
78125 4 4 25 5 25 25 706455.00 0 0 0 0 0 2 2 2
117649 4 6 7 7 7 7 7 7 1231440.00 0 0 0 0 0 2 2 2 2 2
161051 4 5 11 11 11 11 11 1861825.00 0 0 0 0 0 2 2 2 2
390625 4 4 25 25 25 25 4811505.00 0 0 0 0 0 2 2 2
823543 4 7 7 7 7 7 7 7 7 13956210.00 0 0 0 0 0 2 2 2 2 2 2
1024 4 2 64 16 3955.33 0 0 0 0 0 2
16384 4 4 8 8 16 16 103970.00 0 0 0 0 0 2 2 2
131072 4 8 4 4 4 4 8 4 4 4 1580525.00 0 0 0 0 0 2 2 2 2 2 2 2
60 4 2 5 12 126.15 0 0 0 1 0 0
100 4 2 10 10 247.01 0 0 0 1 1 0
200 4 2 8 25 557.29 0 0 0 1 1 0
220 4 2 20 11 758.59 0 0 0 1 1 0
340 4 2 17 20 1665.53 0 0 0 0 0 2
500 4 3 5 10 10 1981.76 0 0 0 1 0 1 0
544 4 3 17 4 8 2805.88 0 0 0 0 0 2 2
640 4 3 8 10 8 2791.03 0 0 0 1 1 1 0
1000 4 3 10 5 20 4853.01 0 0 0 1 1 1 0
1008 4 3 12 12 7 3795.95 0 0 0 0 0 2 1
2000 4 3 25 8 10 10354.84 0 0 0 0 0 2 1
2310 4 4 11 6 5 7 14545.37 0 0 0 0 0 2 2 1
2800 4 3 25 7 16 14701.12 0 0 0 1 1 1 0
4000 4 4 8 10 10 5 21833.87 0 0 0 1 1 1 1 0
4620 4 4 5 11 12 7 28094.44 0 0 0 1 0 1 1 0
5000 4 3 25 20 10 29720.41 0 0 0 0 0 2 2
6930 4 5 6 3 5 11 7 49786.11 0 0 0 1 1 1 1 1 0
10000 4 4 8 5 25 10 65945.83 0 0 0 1 1 1 1 0
13860 4 5 12 3 11 5 7 99425.00 0 0 0 0 0 2 2 2 1
20000 4 3 32 25 25 140130.00 0 0 0 1 1 1 0
30030 4 5 11 7 10 13 3 278070.00 0 0 0 0 0 2 2 2 2
50000 4 4 16 5 25 25 417000.00 0 0 0 0 0 2 2 2
60060 4 5 12 11 13 5 7 657325.00 0 0 0 0 0 2 2 2 1
8 32 1 8 33.41 0 0 0 1 0
16 32 1 16 111.70 0 0 0 1 0
32 32 2 8 4 249.74 0 0 0 0 0 2
64 32 2 8 8 600.00 0 0 0 0 0 2
128 32 2 4 32 1976.23 0 0 0 1 1 0
256 32 3 4 8 8 4583.61 0 0 0 0 0 2 2
512 32 3 4 4 32 12250.82 0 0 0 1 1 1 0
1024 32 4 4 4 8 8 25340.00 0 0 0 0 0 2 2 2
2048 32 4 8 4 8 8 54570.00 0 0 0 0 0 2 2 2
4096 32 5 4 4 4 8 8 142070.00 0 0 0 0 0 2 2 2 2
8192 32 5 4 4 4 4 32 448550.00 0 0 0 0 0 2 2 2 2
16384 32 5 4 4 4 4 64 1021940.00 0 0 0 0 0 2 2 2 2
32768 32 7 4 4 4 4 2 16 4 2345215.00 0 0 0 0 0 2 2 2 2 2 2
65536 32 7 4 4 4 4 4 4 16 6758030.00 0 0 0 0 0 2 2 2 2 2 2
131072 32 6 16 4 4 4 4 32 18958040.00 0 0 0 0 0 2 0 2 2 2
95 32 2 5 19 2277.13 0 0 0 1 1 0
119 32 2 17 7 2923.66 0 0 0 0 0 2
169 32 2 13 13 4515.22 0 0 0 0 0 2
175 32 3 5 7 5 3358.43 0 0 0 0 0 2 2
243 32 5 3 3 3 3 3 6701.56 0 0 0 0 0 2 2 2 2
361 32 2 19 19 16160.46 0 0 0 1 1 0
525 32 4 7 3 5 5 13106.78 0 0 0 0 0 2 2 2
625 32 4 5 5 5 5 16232.65 0 0 0 1 1 0 1 0
1225 32 4 5 7 7 5 36900.00 0 0 0 0 0 2 2 2
1331 32 3 11 11 11 50665.22 0 0 0 0 0 2 1
2197 32 3 13 13 13 95605.00 0 0 0 0 0 2 1
2205 32 5 7 3 7 3 5 86080.00 0 0 0 0 0 2 2 2 2
2401 32 4 7 7 7 7 96780.00 0 0 0 1 1 1 1 0
3125 32 5 5 5 5 5 5 100945.00 0 0 0 0 0 2 2 2 2
6615 32 6 7 3 7 3 3 5 374855.00 0 0 0 0 0 2 2 2 2 2
11025 32 5 7 7 3 25 3 616575.00 0 0 0 0 0 2 2 2 2
14641 32 4 11 11 11 11 880785.00 0 0 0 0 0 2 2 2
15625 32 3 25 25 25 865565.00 0 0 0 0 0 2 2
16807 32 5 7 7 7 7 7 913545.00 0 0 0 0 0 2 2 2 2
28561 32 4 13 13 13 13 2052610.00 0 0 0 0 0 2 2 2
78125 32 4 25 25 5 25 6421910.00 0 0 0 0 0 2 0 2
117649 32 6 7 7 7 7 7 7 12845330.00 0 0 0 0 0 0 0 2 2 0
161051 32 5 11 11 11 11 11 18712515.00 0 0 0 0 0 2 2 0 2
390625 32 4 25 25 25 25 40660695.00 0 0 0 0 0 2 2 2
823543 32 7 7 7 7 7 7 7 7 117593685.00 0 0 0 0 0 0 0 0 2 2 2
60 32 2 5 12 641.35 0 0 0 1 0 0
8 256 1 8 250.00 0 0 0 0 0
100 32 2 20 5 1584.30 0 0 0 0 0 1
126 32 3 7 3 6 2288.66 0 0 0 0 0 2 2
16 256 2 4 4 1036.07 0 0 0 0 0 2
200 32 3 5 8 5 3517.31 0 0 0 0 0 2 2
220 32 3 11 4 5 4808.45 0 0 0 0 0 2 2
250 32 3 10 5 5 5325.81 0 0 0 0 0 2 2
32 256 2 4 8 2716.39 0 0 0 0 0 2
340 32 3 17 4 5 9806.59 0 0 0 0 0 2 2
400 32 3 16 5 5 7923.08 0 0 0 0 0 2 2
60 256 2 12 5 7523.08 0 0 0 0 0 2
500 32 3 10 10 5 11366.13 0 0 0 0 0 2 2
64 256 3 4 4 4 8380.33 0 0 0 0 0 2 2
544 32 3 8 4 17 15366.67 0 0 0 1 1 1 0
640 32 2 64 10 15620.83 0 0 0 0 0 2
95 256 2 5 19 21597.56 0 0 0 0 0 2
100 256 3 4 5 5 14405.13 0 0 0 1 1 0 0
119 256 2 17 7 26409.38 0 0 0 0 0 2
1000 32 4 5 8 5 5 24841.94 0 0 0 0 0 2 2 2
1008 32 3 12 12 7 24061.29 0 0 0 0 0 2 2
126 256 3 6 3 7 19851.61 0 0 0 0 0 2 1
128 256 3 4 4 8 17263.33 0 0 0 0 0 2 2
544 64 2 32 17 31903.57 0 0 0 1 0 0
625 64 4 5 5 5 5 30262.50 0 0 0 0 0 2 2 2
169 256 2 13 13 52295.65 0 0 0 0 0 1
340 128 3 4 5 17 38190.91 0 0 0 1 1 1 0
175 256 3 7 5 5 25972.73 0 0 0 0 0 2 2
361 128 2 19 19 64495.24 0 0 0 0 0 1
200 256 3 8 5 5 28205.00 0 0 0 0 0 2 2
220 256 3 5 4 11 44145.00 0 0 0 0 0 2 1
243 256 5 3 3 3 3 3 53445.00 0 0 0 0 0 2 2 2 2
2000 32 4 16 5 5 5 54585.00 0 0 0 0 0 2 2 2
250 256 3 10 5 5 38750.00 0 0 0 0 0 2 2
256 256 3 4 4 16 40900.00 0 0 0 0 0 2 2
2310 32 4 11 7 6 5 74845.00 0 0 0 0 0 2 2 1
2800 32 4 16 5 7 5 78035.00 0 0 0 0 0 2 2 2
400 256 3 16 5 5 61340.00 0 0 0 0 0 2 2
4000 32 4 8 5 20 5 139735.00 0 0 0 0 0 2 2 2
500 256 4 5 4 5 5 108790.00 0 0 0 0 0 2 2 2
512 256 4 4 4 4 8 97990.00 0 0 0 0 0 2 2 2
525 256 4 5 3 5 7 112255.00 0 0 0 0 0 2 2 2
4620 32 4 11 7 12 5 187655.00 0 0 0 0 0 2 2 2
5000 32 4 5 10 10 10 198285.00 0 0 0 0 0 2 2 2
625 256 4 5 5 5 5 159435.00 0 0 0 0 0 2 2 2
640 256 4 4 4 8 5 164110.00 0 0 0 0 0 2 2 2
6930 32 5 11 7 5 3 6 356730.00 0 0 0 0 0 2 2 2 2
1000 256 4 8 5 5 5 294045.00 0 0 0 0 0 2 2 2
1008 256 4 6 8 7 3 350130.00 0 0 0 0 0 2 2 2
1024 256 5 4 4 4 4 4 372250.00 0 0 0 0 0 2 2 2 2
1225 256 4 7 7 5 5 370350.00 0 0 0 0 0 2 2 2
10000 32 4 16 5 25 5 491935.00 0 0 0 0 0 0 2 2
1331 256 3 11 11 11 600105.00 0 0 0 0 0 2 2
100000 4 4 10 16 25 25 867799.99 0 0 0 0 0 2 2 1
13860 32 5 11 7 12 3 5 709855.00 0 0 0 0 0 2 2 2 2
2000 256 5 5 4 4 5 5 757595.00 0 0 0 0 0 2 2 2 2
2048 256 5 4 4 4 4 8 790145.00 0 0 0 0 0 2 2 2 2
2197 256 3 13 13 13 1336465.00 0 0 0 0 0 2 2
2205 256 5 7 7 5 3 3 838390.00 0 0 0 0 0 2 2 2 2
2310 256 4 6 5 7 11 951670.00 0 0 0 0 0 2 2 2
2401 256 4 7 7 7 7 774325.01 0 0 0 0 0 2 2 2
20000 32 4 16 5 25 10 1017990.00 0 0 0 0 0 2 2 2
2800 256 5 4 4 7 5 5 1075820.00 0 0 0 0 0 2 2 2 2
3125 256 5 5 5 5 5 5 1192745.00 0 0 0 0 0 2 2 2 2
30030 32 5 13 7 6 11 5 1870365.00 0 0 0 0 0 2 2 2 2
4000 256 5 4 4 10 5 5 1594330.00 0 0 0 0 0 2 2 2 2
4096 256 4 4 4 4 64 2100755.00 0 0 0 0 0 2 2 2
4620 256 4 12 11 5 7 1838295.00 0 0 0 0 0 2 2 2
5000 256 5 8 5 5 5 5 2008700.00 0 0 0 0 0 2 2 2 2
50000 32 4 16 25 5 25 3099305.00 0 0 0 0 0 2 0 2
6615 256 6 3 5 7 7 3 3 3578355.00 0 0 0 0 0 2 2 2 2 2
6930 256 5 10 11 7 3 3 3580025.00 0 0 0 0 0 2 2 2 2
60060 32 5 11 7 10 13 6 4445070.00 0 0 0 0 0 2 2 2 2
8192 256 5 4 4 4 4 32 5248185.00 0 0 0 0 0 2 2 2 2
10000 256 5 4 5 5 5 20 7068975.00 0 0 0 0 0 2 2 2 2
11025 256 6 3 5 7 7 5 3 7991750.00 0 0 0 0 0 2 2 2 2 2
100000 32 4 16 10 25 25 8196300.00 0 0 0 0 0 2 2 2
13860 256 5 12 11 7 5 3 9714145.00 0 0 0 0 0 2 2 2 2
14641 256 4 11 11 11 11 10069790.00 0 0 0 0 0 2 2 2
15625 256 6 5 5 5 5 5 5 12401035.00 0 0 0 0 0 2 2 2 2 2
16384 256 5 4 4 4 4 64 12655145.00 0 0 0 0 0 2 2 2 2
16807 256 5 7 7 7 7 7 11124615.00 0 0 0 0 0 2 2 2 2
20000 256 4 32 5 5 25 15957730.00 0 0 0 0 0 2 2 2
28561 256 4 13 13 13 13 28650265.00 0 0 0 0 0 2 2 2
30030 256 5 10 11 7 13 3 26393485.00 0 0 0 0 0 2 2 2 2
32768 256 4 4 16 16 32 30448295.00 0 0 0 0 0 2 2 2
50000 256 5 5 2 10 20 25 145310815.00 0 0 0 0 0 0 1 2 2
60060 256 5 12 13 11 5 7 155804955.00 0 0 0 0 0 2 2 0 2
65536 256 5 4 4 8 16 32 168769550.00 0 0 0 0 0 2 2 0 2
78125 256 6 5 5 5 25 5 5 232369450.00 0 0 0 0 0 0 2 2 2 1
100000 256 5 4 25 5 8 25 300699155.00 0 0 0 0 0 0 0 1 1
117649 256 6 7 7 7 7 7 7 116426285.00 0 0 0 0 0 2 2 0 2 2
128 1024 4 2 4 4 4 102006.25 0 0 0 0 0 2 2 2
