@version 3
# VectorFFT stride wisdom — 159 entries
# N K nf factors... best_ns use_blocked split_stage block_groups
8 4 1 8 10.50 0 0 0
8 32 1 8 48.57 0 0 0
8 256 1 8 296.72 0 0 0
16 4 1 16 16.35 0 0 0
16 32 1 16 102.00 0 0 0
16 256 1 16 827.10 0 0 0
32 4 1 32 37.76 0 0 0
32 32 1 32 269.54 0 0 0
32 256 2 4 8 3668.85 0 0 0
64 4 1 64 121.74 0 0 0
64 32 1 64 843.65 0 0 0
64 256 2 8 8 11600.00 0 0 0
128 4 2 8 16 366.10 0 0 0
128 32 2 32 4 2160.40 0 0 0
128 256 3 4 4 8 22333.33 0 0 0
256 4 2 16 16 661.85 0 0 0
256 32 2 4 64 6940.16 0 0 0
256 256 3 4 4 16 44365.00 0 0 0
512 4 2 32 16 1511.27 0 0 0
512 32 3 4 2 64 17149.18 0 0 0
512 256 4 4 4 4 8 128550.00 0 0 0
1024 4 2 64 16 3669.67 1 1 12
1024 32 4 4 4 16 4 36816.67 0 0 0
1024 256 5 4 4 4 4 4 426460.00 0 0 0
2048 4 3 4 32 16 11437.71 1 2 12
2048 32 3 8 4 64 89970.00 0 0 0
2048 256 5 4 4 4 4 8 895180.00 0 0 0
4096 4 4 4 4 16 16 29634.43 0 0 0
4096 32 4 4 4 4 64 226705.00 0 0 0
4096 256 5 2 4 4 4 32 2603060.01 0 0 0
8192 4 4 4 4 32 16 66890.00 0 0 0
8192 32 5 4 4 4 4 32 535080.00 0 0 0
8192 256 5 4 4 4 4 32 6260285.00 0 0 0
16384 4 4 2 8 16 64 129220.00 0 0 0
16384 32 5 4 4 4 4 64 1245220.00 0 0 0
16384 256 4 32 4 4 32 19270110.00 0 0 0
32768 4 4 4 4 32 64 355160.00 0 0 0
32768 32 6 4 4 4 4 2 64 2917435.00 0 0 0
32768 256 5 16 4 4 4 32 37322480.00 0 0 0
65536 4 3 32 32 64 789650.00 0 0 0
65536 32 6 4 4 4 4 4 64 7645705.00 0 0 0
65536 256 3 64 32 32 76153490.00 0 0 0
131072 4 5 4 4 4 32 64 1806600.00 0 0 0
131072 32 5 4 4 4 32 64 17962870.00 0 0 0
131072 256 5 64 4 4 4 32 239775460.00 0 0 0
60 4 2 5 12 151.31 0 0 0
60 32 2 20 3 742.50 0 0 0
60 256 2 12 5 9196.92 0 0 0
100 4 2 5 20 319.25 0 0 0
100 32 2 20 5 1467.31 0 0 0
100 256 3 5 4 5 16107.69 0 0 0
200 4 2 8 25 669.31 0 0 0
200 32 2 20 10 3938.46 0 0 0
200 256 3 8 5 5 30339.99 0 0 0
500 4 2 25 20 1675.35 0 0 0
500 32 3 10 10 5 11664.52 0 0 0
500 256 3 20 5 5 175215.00 0 0 0
1000 4 3 20 5 10 4887.10 1 2 19
1000 32 3 10 10 10 28483.87 0 0 0
1000 256 4 8 5 5 5 303070.00 0 0 0
2000 4 3 16 5 25 9930.65 1 2 7
2000 32 3 10 8 25 66170.00 0 0 0
2000 256 5 5 4 4 5 5 818955.00 0 0 0
5000 4 3 8 25 25 32971.43 0 0 0
5000 32 3 20 10 25 221425.00 0 0 0
5000 256 5 8 5 5 5 5 2022669.99 0 0 0
10000 4 3 16 25 25 67341.66 0 0 0
10000 32 4 20 5 10 10 502215.00 0 0 0
10000 256 6 2 5 8 5 5 5 7527720.00 0 0 0
20000 4 3 32 25 25 144905.00 0 0 0
20000 32 4 16 10 25 5 1035925.00 0 0 0
20000 256 4 32 5 5 25 16718590.00 0 0 0
50000 4 4 4 20 25 25 407045.00 0 0 0
50000 32 5 20 5 10 10 5 3396035.00 0 0 0
50000 256 6 2 8 5 5 5 25 53403095.00 0 0 0
100000 4 4 16 25 10 25 843665.00 0 0 0
100000 32 4 16 10 25 25 8340270.00 0 0 0
100000 256 5 32 5 5 5 25 103574140.00 0 0 0
243 4 5 3 3 3 3 3 1582.77 0 0 0
243 32 5 3 3 3 3 3 7238.28 0 0 0
243 256 5 3 3 3 3 3 54110.00 0 0 0
625 4 2 25 25 2222.11 1 1 7
625 32 3 25 5 5 16132.65 0 0 0
625 256 4 5 5 5 5 157275.00 0 0 0
2401 4 4 7 7 7 7 17647.12 0 0 0
2401 32 4 7 7 7 7 86495.00 0 0 0
2401 256 4 7 7 7 7 820760.00 0 0 0
3125 4 3 5 25 25 21231.64 0 0 0
3125 32 3 25 25 5 113885.00 0 0 0
3125 256 4 5 5 5 25 1564530.00 0 0 0
15625 4 3 25 25 25 113770.00 0 0 0
15625 32 3 25 25 25 844660.00 0 0 0
15625 256 5 5 5 5 5 25 12712190.00 0 0 0
16807 4 5 7 7 7 7 7 170635.00 0 0 0
16807 32 5 7 7 7 7 7 966000.00 0 0 0
16807 256 5 7 7 7 7 7 12367705.00 0 0 0
78125 4 4 25 25 5 25 634285.00 0 0 0
78125 32 4 25 5 25 25 6477765.00 0 0 0
78125 256 6 5 5 5 5 5 25 82913065.00 0 0 0
117649 4 6 7 7 7 7 7 7 1516030.00 0 0 0
117649 32 6 7 7 7 7 7 7 13938170.01 0 0 0
117649 256 6 7 7 7 7 7 7 115942320.00 0 0 0
390625 4 4 25 25 25 25 4638100.00 0 0 0
390625 32 4 25 25 25 25 41112840.00 0 0 0
390625 256 7 5 5 5 5 5 5 25 476622175.00 0 0 0
823543 4 7 7 7 7 7 7 7 7 16617400.00 0 0 0
823543 32 7 7 7 7 7 7 7 7 128372035.00 0 0 0
823543 256 7 7 7 7 7 7 7 7 950157220.00 0 0 0
1331 4 3 11 11 11 8538.71 1 2 17
1331 32 3 11 11 11 54100.00 0 0 0
1331 256 3 11 11 11 616260.00 0 0 0
14641 4 4 11 11 11 11 143600.00 0 0 0
14641 32 4 11 11 11 11 927115.00 0 0 0
14641 256 4 11 11 11 11 11918295.00 0 0 0
161051 4 5 11 11 11 11 11 2240430.00 0 0 0
161051 32 5 11 11 11 11 11 19220215.00 0 0 0
161051 256 5 11 11 11 11 11 168048290.00 0 0 0
2197 4 3 13 13 13 17199.12 0 0 0
2197 32 3 13 13 13 106790.00 0 0 0
2197 256 3 13 13 13 1754475.00 0 0 0
28561 4 4 13 13 13 13 332525.00 0 0 0
28561 32 4 13 13 13 13 2144420.00 0 0 0
28561 256 4 13 13 13 13 33474055.00 0 0 0
175 4 2 7 25 619.57 0 0 0
175 32 2 25 7 3662.92 0 0 0
175 256 3 7 5 5 28518.18 0 0 0
525 4 3 3 7 25 2522.53 0 0 0
525 32 3 25 7 3 14274.58 0 0 0
525 256 4 7 3 5 5 113330.00 0 0 0
1225 4 3 25 7 7 6421.57 1 2 27
1225 32 4 7 5 5 7 37760.00 0 0 0
1225 256 4 7 5 7 5 380060.00 0 0 0
2205 4 5 3 3 5 7 7 16311.50 0 0 0
2205 32 5 5 7 7 3 3 78665.00 0 0 0
2205 256 5 7 5 7 3 3 860950.00 0 0 0
6615 4 6 3 3 3 5 7 7 62591.89 0 0 0
6615 32 6 7 5 3 7 3 3 390700.00 0 0 0
6615 256 6 7 5 3 7 3 3 3500075.00 0 0 0
11025 4 5 3 3 7 7 25 101086.36 0 0 0
11025 32 6 7 3 7 5 3 5 674910.00 0 0 0
11025 256 6 7 7 5 3 5 3 8545705.00 0 0 0
2310 4 4 5 6 7 11 16567.59 0 0 0
2310 32 4 7 5 11 6 82410.00 0 0 0
2310 256 4 6 5 11 7 946330.00 0 0 0
6930 4 5 3 5 6 7 11 59891.67 0 0 0
6930 32 5 11 6 7 3 5 367890.00 0 0 0
6930 256 5 6 5 7 3 11 3689410.00 0 0 0
30030 4 5 5 6 11 7 13 316040.00 0 0 0
30030 32 5 13 6 5 11 7 1994225.00 0 0 0
30030 256 5 6 11 5 7 13 27039680.00 0 0 0
60060 4 5 20 13 3 7 11 608450.00 0 0 0
60060 32 5 13 7 11 5 12 4740080.00 0 0 0
60060 256 5 12 5 11 7 13 55953195.00 0 0 0
4620 4 4 5 12 7 11 34996.30 0 0 0
4620 32 4 11 7 12 5 194500.00 0 0 0
4620 256 4 12 7 5 11 2163630.00 0 0 0
13860 4 5 3 5 12 7 11 127055.00 0 0 0
13860 32 5 11 5 6 7 6 758595.00 0 0 0
13860 256 5 12 7 5 11 3 10494015.00 0 0 0
