@version 3
# VectorFFT stride wisdom — 40 entries
# N K nf factors... best_ns use_blocked split_stage block_groups
64 4 1 64 112.75 0 0 0
128 4 2 8 16 387.99 0 0 0
256 4 2 16 16 879.08 0 0 0
512 4 2 32 16 1820.08 0 0 0
1024 4 2 16 64 6048.36 0 0 0
2048 4 3 2 16 64 14388.52 0 0 0
4096 4 4 4 4 16 16 33142.62 0 0 0
8192 4 4 4 4 16 32 70180.00 0 0 0
16384 4 3 32 16 32 151350.00 0 0 0
32768 4 3 64 16 32 381985.00 0 0 0
64 32 1 64 741.60 0 0 0
128 32 2 32 4 2377.05 0 0 0
256 32 3 8 4 8 7706.56 0 0 0
512 32 3 4 16 8 16209.84 0 0 0
1024 32 3 4 4 64 43020.00 0 0 0
2048 32 4 4 4 2 64 88980.00 0 0 0
4096 32 4 4 4 4 64 222335.00 0 0 0
8192 32 5 4 4 4 4 32 556990.00 0 0 0
16384 32 5 4 4 4 4 64 1177035.00 0 0 0
32768 32 6 4 4 4 4 4 32 2633005.00 0 0 0
64 128 3 4 4 4 4076.23 0 0 0
128 128 3 4 4 8 8970.49 0 0 0
256 128 3 4 4 16 23706.67 0 0 0
512 128 4 4 4 4 8 47695.00 0 0 0
1024 128 5 4 4 4 4 4 145860.00 0 0 0
2048 128 5 4 4 4 4 8 420265.00 0 0 0
4096 128 3 4 64 16 1807405.00 0 0 0
8192 128 4 4 4 64 8 3283110.00 0 0 0
16384 128 3 16 64 16 9516625.00 0 0 0
32768 128 4 16 4 64 8 19131680.00 0 0 0
64 256 2 4 16 20601.64 0 0 0
128 256 2 8 16 67216.67 0 0 0
256 256 4 4 4 4 4 55410.00 0 0 0
512 256 4 4 4 4 8 132895.00 0 0 0
1024 256 5 4 4 4 4 4 409160.00 0 0 0
2048 256 5 4 4 4 4 8 880500.00 0 0 0
4096 256 5 4 4 2 4 32 2838355.00 0 0 0
8192 256 5 4 4 4 4 32 6112900.00 0 0 0
16384 256 5 8 4 4 4 32 16445375.00 0 0 0
32768 256 5 16 4 4 4 32 37513380.00 0 0 0
