@version 5
# VectorFFT stride wisdom — 151 entries
# N K nf factors... best_ns use_blocked split_stage block_groups use_dif_forward variant_codes... (v=0:FLAT 1:LOG3 2:T1S 3:BUF)
8 4 1 8 9.83 0 0 0 0 0
8 32 1 8 41.43 0 0 0 1 0
8 256 1 8 334.02 0 0 0 0 0
16 4 1 16 16.21 0 0 0 0 0
16 32 1 16 100.97 0 0 0 0 0
16 256 2 4 4 1045.08 0 0 0 0 0 2
32 4 1 32 35.23 0 0 0 1 0
32 32 1 32 251.59 0 0 0 0 0
32 256 2 4 8 2963.93 0 0 0 0 0 2
60 4 2 12 5 129.16 0 0 0 0 0 1
60 32 2 12 5 685.96 0 0 0 0 0 2
60 256 3 4 3 5 8344.62 0 0 0 0 0 2 2
64 4 1 64 92.83 0 0 0 1 0
64 32 1 64 632.17 0 0 0 1 0
64 256 3 4 4 4 8439.34 0 0 0 0 0 2 2
100 4 2 20 5 235.34 0 0 0 0 0 1
100 32 2 20 5 1497.76 0 0 0 0 0 2
100 256 3 5 4 5 14117.95 0 0 0 0 0 2 2
128 4 2 16 8 283.94 0 0 0 0 0 1
128 32 2 4 32 1963.52 0 0 0 1 0 0
128 256 3 4 4 8 18020.00 0 0 0 0 0 2 2
175 4 2 7 25 523.07 0 0 0 0 0 1
175 32 3 7 5 5 3792.70 0 0 0 0 0 2 2
175 256 3 5 5 7 35709.09 0 0 0 0 0 2 2
200 4 2 20 10 574.60 0 0 0 0 0 2
200 32 2 10 20 3633.33 0 0 0 0 0 2
200 256 3 5 8 5 30855.00 0 0 0 0 0 2 2
243 4 5 3 3 3 3 3 1703.60 0 0 0 0 0 2 2 2 2
243 32 5 3 3 3 3 3 6991.41 0 0 0 0 0 2 2 1 2
243 256 5 3 3 3 3 3 54105.00 0 0 0 0 0 2 2 2 2
256 4 2 16 16 631.69 0 0 0 0 0 1
256 32 3 4 8 8 4977.87 0 0 0 0 0 2 2
256 256 4 4 4 4 4 45399.99 0 0 0 0 0 2 2 2
500 4 2 20 25 1577.76 0 0 0 0 0 1
500 32 3 10 10 5 11758.07 0 0 0 0 0 2 2
500 256 4 5 5 4 5 102980.00 0 0 0 0 0 2 2 2
512 4 2 32 16 1376.64 0 0 0 0 0 2
512 32 4 4 4 8 4 12562.29 0 0 0 0 0 2 2 2
512 256 4 4 4 4 8 97684.99 0 0 0 0 0 2 2 2
525 4 3 25 7 3 2264.84 0 0 0 0 0 2 1
525 32 4 7 3 5 5 14449.15 0 0 0 0 0 2 2 2
525 256 4 5 3 5 7 132945.00 0 0 0 0 0 2 2 2
625 256 4 5 5 5 5 178980.00 0 0 0 0 0 2 2 2
1000 256 4 8 5 5 5 327340.00 0 0 0 0 0 2 2 2
1024 4 3 4 4 64 4399.59 0 0 0 1 0 0 1
1024 32 4 4 4 8 8 25413.33 0 0 0 0 0 2 2 2
1024 256 5 4 4 4 4 4 412765.00 0 0 0 0 0 2 2 2 2
1225 256 4 5 7 5 7 489140.01 0 0 0 0 0 2 2 2
1331 4 3 11 11 11 7895.72 0 0 0 0 0 2 1
1331 32 3 11 11 11 47156.52 0 0 0 0 0 2 2
1331 256 3 11 11 11 708715.00 0 0 0 0 0 2 2
2000 4 3 5 16 25 9423.39 0 0 0 0 0 2 1
2000 32 3 8 10 25 58105.01 0 0 0 0 0 2 2
2000 256 5 5 4 4 5 5 815670.00 0 0 0 0 0 2 2 2 2
2048 4 3 4 16 32 9350.82 0 0 0 1 0 0 1
2048 32 5 4 4 4 4 8 62375.01 0 0 0 0 0 2 2 2 2
2048 256 5 4 4 4 4 8 845765.00 0 0 0 0 0 2 2 2 2
2197 4 3 13 13 13 15546.02 0 0 0 0 0 2 2
2197 32 3 13 13 13 99105.01 0 0 0 0 0 2 1
2197 256 3 13 13 13 1900005.00 0 0 0 0 0 2 1
2205 4 5 3 3 7 7 5 16417.70 0 0 0 0 0 2 2 2 1
2205 32 5 7 3 7 3 5 79080.01 0 0 0 0 0 2 2 2 2
2205 256 5 3 7 5 7 3 1067209.99 0 0 0 0 0 2 2 2 2
2310 256 4 5 6 7 11 1121945.00 0 0 0 0 0 2 2 2
2401 4 4 7 7 7 7 15767.31 0 0 0 0 0 2 2 2
2401 32 4 7 7 7 7 85459.99 0 0 0 0 0 2 2 2
2401 256 4 7 7 7 7 1166919.99 0 0 0 0 0 2 2 2
3125 4 3 25 25 5 15853.16 0 0 0 0 0 2 2
3125 32 3 5 25 25 111615.01 0 0 0 0 0 2 2
3125 256 5 5 5 5 5 5 1280285.00 0 0 0 0 0 2 2 2 2
4096 4 4 4 4 4 64 23104.92 0 0 0 1 0 0 0 1
4096 32 6 4 4 4 4 4 4 157565.01 0 0 0 0 0 2 2 2 2 2
4096 256 7 2 4 2 4 4 4 4 2226600.01 0 0 0 0 0 2 0 2 2 2 2
4620 32 4 7 6 10 11 197430.00 0 0 0 0 0 2 2 2
4620 256 4 12 7 5 11 2828139.99 0 0 0 0 0 2 2 2
5000 4 3 8 25 25 26612.25 0 0 0 0 0 2 1
5000 32 4 10 5 10 10 196360.00 0 0 0 0 0 2 2 2
5000 256 5 8 5 5 5 5 2292040.00 0 0 0 0 0 2 2 2 2
6615 4 6 3 3 5 3 7 7 58467.57 0 0 0 0 0 2 2 2 2 2
6615 32 6 7 3 7 3 3 5 379605.00 0 0 0 0 0 2 2 2 2 2
6615 256 6 5 7 7 3 3 3 3525465.00 0 0 0 0 0 2 2 2 2 2
6930 4 5 3 5 6 11 7 56661.11 0 0 0 0 0 2 2 2 1
6930 32 5 7 5 3 11 6 372714.99 0 0 0 0 0 2 2 2 2
6930 256 5 6 11 7 3 5 4288535.01 0 0 0 0 0 2 2 2 2
8192 4 5 4 4 4 4 32 55383.34 0 0 0 1 0 0 0 0 0
8192 32 7 4 4 4 4 4 2 4 541710.01 0 0 0 0 0 2 2 2 2 0 2
8192 256 5 4 4 4 16 8 6960905.00 0 0 0 0 0 2 0 2 2
10000 4 3 16 25 25 54066.67 0 0 0 0 0 2 1
10000 32 4 20 10 5 10 472804.99 0 0 0 0 0 2 2 2
10000 256 4 4 20 5 25 8766925.01 0 0 0 0 0 2 0 1
11025 32 5 7 3 7 25 3 716775.00 0 0 0 0 0 2 2 2 2
11025 256 5 3 7 3 7 25 9755885.01 0 0 0 0 0 2 2 2 2
13860 4 5 5 3 12 7 11 111380.01 0 0 0 0 0 2 2 2 2
13860 32 5 7 5 6 11 6 931830.01 0 0 0 0 0 0 2 2 2
13860 256 5 6 10 11 7 3 13042989.99 0 0 0 0 0 2 2 2 2
14641 32 4 11 11 11 11 906350.00 0 0 0 0 0 2 2 2
14641 256 4 11 11 11 11 12227230.00 0 0 0 0 0 2 2 2
15625 4 3 25 25 25 89640.01 0 0 0 0 0 2 1
15625 32 4 5 25 25 5 867769.99 0 0 0 0 0 2 2 2
15625 256 4 5 5 25 25 14391749.99 0 0 0 0 0 2 2 2
16384 4 5 4 4 4 4 64 122470.01 0 0 0 1 0 0 0 0 0
16384 32 7 4 4 4 4 4 4 4 1155785.00 0 0 0 0 0 2 2 2 2 2 2
16384 256 4 16 4 16 16 17344555.00 0 0 0 0 0 2 2 2
16807 32 5 7 7 7 7 7 1049055.00 0 0 0 0 0 2 2 2 1
16807 256 5 7 7 7 7 7 14838660.00 0 0 0 0 0 2 2 2 2
20000 32 4 32 5 25 5 1134164.99 0 0 0 0 0 2 2 2
20000 256 3 32 25 25 17435490.01 0 0 0 0 0 2 2
28561 256 4 13 13 13 13 33606180.00 0 0 0 0 0 2 2 2
30030 32 5 13 10 7 3 11 2063025.00 0 0 0 0 0 2 2 2 2
30030 256 5 10 7 11 13 3 78962385.00 0 0 0 0 0 2 2 2 2
32768 4 6 4 4 4 4 4 32 312220.01 0 0 0 0 0 2 2 2 2 2
32768 32 8 4 4 4 4 4 4 4 2 2776799.99 0 0 0 0 0 2 2 2 2 2 2 0
32768 256 5 4 8 8 16 8 90354905.00 0 0 0 0 0 2 2 2 0
50000 32 5 10 10 10 5 10 3001269.99 0 0 0 0 0 2 2 2 2
50000 256 5 5 2 10 20 25 145310815.00 0 0 0 0 0 0 1 2 2
60060 256 5 12 13 11 5 7 155804955.00 0 0 0 0 0 2 2 0 2
65536 4 7 4 4 4 4 4 4 16 719170.00 0 0 0 0 0 2 2 2 2 2 2
65536 32 6 16 4 4 4 16 4 7640645.00 0 0 0 0 0 2 2 2 2 0
78125 32 4 25 25 5 25 6928359.99 0 0 0 0 0 2 2 2
100000 32 5 5 8 5 20 25 10293685.00 0 0 0 0 0 0 0 2 2
117649 4 6 7 7 7 7 7 7 1340115.01 0 0 0 0 0 2 2 2 2 2
117649 32 6 7 7 7 7 7 7 13670910.00 0 0 0 0 0 2 2 2 2 2
131072 4 8 4 4 4 4 8 4 4 4 1662345.00 0 0 0 0 0 2 2 2 2 2 2 2
131072 32 7 16 4 4 4 4 4 8 20218745.00 0 0 0 0 0 2 2 2 2 2 0
161051 32 5 11 11 11 11 11 18886770.00 0 0 0 0 0 2 2 2 2
390625 32 4 25 25 25 25 43604685.00 0 0 0 0 0 2 2 2
823543 32 7 7 7 7 7 7 7 7 125274545.00 0 0 0 0 0 2 2 2 2 2 2
20000 4 3 32 25 25 136355.00 0 0 0 0 0 2 0
30030 4 5 5 6 11 7 13 342145.00 0 0 0 0 0 2 2 2 1
50000 4 4 16 25 5 25 427395.00 0 0 0 0 0 2 2 1
78125 4 4 25 5 25 25 685545.00 0 0 0 0 0 2 2 2
100000 4 4 32 5 25 25 913335.00 0 0 0 0 0 2 2 2
390625 4 4 25 25 25 25 5385100.00 0 0 0 0 0 0 1 2
823543 4 7 7 7 7 7 7 7 7 21657320.00 1 6 27 0 0 2 2 2 2 2 2
28561 32 4 13 13 13 13 2502180.00 0 0 0 0 0 2 2 2
60060 32 5 11 7 10 6 13 7132200.00 0 0 0 0 0 2 2 2 0
4620 4 4 11 12 7 5 32779.63 0 0 0 0 0 0 2 1
11025 4 5 7 3 3 7 25 94331.82 0 0 0 0 0 2 2 2 1
28561 4 4 13 13 13 13 312815.00 0 0 0 0 0 0 0 1
60060 4 5 12 7 13 5 11 668140.00 0 0 0 0 0 2 0 2 1
161051 4 5 11 11 11 11 11 2201145.00 0 0 0 0 0 0 0 0 1
14641 4 4 11 11 11 11 133485.00 0 0 0 0 0 0 0 1
16807 4 5 7 7 7 7 7 156420.00 0 0 0 0 0 2 2 2 1
625 4 2 25 25 2529.32 0 0 0 0 0 1
1000 4 3 25 5 8 4937.35 0 0 0 0 0 2 1
1225 4 3 7 25 7 7063.24 0 0 0 0 0 2 1
2310 4 4 11 6 5 7 14187.04 0 0 0 0 0 2 2 1
625 32 4 5 5 5 5 16187.76 0 0 0 0 0 2 2 2
1000 32 3 10 20 5 29096.77 0 0 0 0 0 2 2
1225 32 4 7 5 5 7 40496.00 0 0 0 0 0 2 2 0
2310 32 4 10 3 11 7 87475.00 0 0 0 0 0 2 2 1
